[ 2868.657910] [Project1] 3719 1556266229.391868867 1556266230.295681743
[ 2870.378949] [Project1] 3720 1556266231.135464700 1556266232.016723623
[ 2872.072227] [Project1] 3721 1556266232.868772371 1556266233.710010543
[ 2873.786828] [Project1] 3722 1556266234.554133357 1556266235.424616648
[ 2875.534296] [Project1] 3723 1556266236.289625225 1556266237.172091918
[ 2877.258740] [Project1] 3724 1556266238.035992775 1556266238.896539698
[ 2878.998449] [Project1] 3725 1556266239.746536158 1556266240.636259190
[ 2880.711502] [Project1] 3726 1556266241.464107420 1556266242.349316752
[ 2882.433674] [Project1] 3727 1556266243.201962694 1556266244.071492113
[ 2884.179796] [Project1] 3728 1556266244.929590439 1556266245.817624895
